{
 "cells": [
  {
   "cell_type": "markdown",
   "id": "456136d2",
   "metadata": {},
   "source": [
    "# Capital Bikeshare #40197091"
   ]
  },
  {
   "cell_type": "code",
   "execution_count": 2,
   "id": "c1da8a21",
   "metadata": {},
   "outputs": [],
   "source": [
    "# Importing the required libraries\n",
    "import numpy as np\n",
    "import pandas as pd\n",
    "import matplotlib.pyplot as plt\n",
    "from scipy.stats import ttest_ind  #for doing t-test for different values of a given factor\n",
    "import seaborn as sns  #for plotting graphs \n",
    "from sklearn.linear_model import LinearRegression #Linear Regression Analysis\n",
    "from sklearn.preprocessing import StandardScaler"
   ]
  },
  {
   "cell_type": "markdown",
   "id": "bfda266d",
   "metadata": {},
   "source": [
    "## Loading our data"
   ]
  },
  {
   "cell_type": "code",
   "execution_count": 6,
   "id": "8cc57703",
   "metadata": {
    "scrolled": true
   },
   "outputs": [
    {
     "data": {
      "text/html": [
       "<div>\n",
       "<style scoped>\n",
       "    .dataframe tbody tr th:only-of-type {\n",
       "        vertical-align: middle;\n",
       "    }\n",
       "\n",
       "    .dataframe tbody tr th {\n",
       "        vertical-align: top;\n",
       "    }\n",
       "\n",
       "    .dataframe thead th {\n",
       "        text-align: right;\n",
       "    }\n",
       "</style>\n",
       "<table border=\"1\" class=\"dataframe\">\n",
       "  <thead>\n",
       "    <tr style=\"text-align: right;\">\n",
       "      <th></th>\n",
       "      <th>year</th>\n",
       "      <th>month</th>\n",
       "      <th>day</th>\n",
       "      <th>hour</th>\n",
       "      <th>member</th>\n",
       "      <th>weekend</th>\n",
       "      <th>season</th>\n",
       "      <th>temperature</th>\n",
       "      <th>dewpoint</th>\n",
       "      <th>humidity</th>\n",
       "      <th>windspeed</th>\n",
       "      <th>windgust</th>\n",
       "      <th>pressure</th>\n",
       "      <th>precip</th>\n",
       "      <th>precipaccum</th>\n",
       "      <th>weather</th>\n",
       "      <th>rental</th>\n",
       "    </tr>\n",
       "  </thead>\n",
       "  <tbody>\n",
       "    <tr>\n",
       "      <th>0</th>\n",
       "      <td>2016</td>\n",
       "      <td>10</td>\n",
       "      <td>1</td>\n",
       "      <td>0</td>\n",
       "      <td>80</td>\n",
       "      <td>1</td>\n",
       "      <td>fall</td>\n",
       "      <td>18.33</td>\n",
       "      <td>65.0</td>\n",
       "      <td>100.0</td>\n",
       "      <td>6.0</td>\n",
       "      <td>0.0</td>\n",
       "      <td>30.1</td>\n",
       "      <td>0.0</td>\n",
       "      <td>0.0</td>\n",
       "      <td>3</td>\n",
       "      <td>103</td>\n",
       "    </tr>\n",
       "    <tr>\n",
       "      <th>1</th>\n",
       "      <td>2016</td>\n",
       "      <td>10</td>\n",
       "      <td>1</td>\n",
       "      <td>1</td>\n",
       "      <td>53</td>\n",
       "      <td>1</td>\n",
       "      <td>fall</td>\n",
       "      <td>17.78</td>\n",
       "      <td>64.0</td>\n",
       "      <td>100.0</td>\n",
       "      <td>10.0</td>\n",
       "      <td>0.0</td>\n",
       "      <td>30.1</td>\n",
       "      <td>0.0</td>\n",
       "      <td>0.0</td>\n",
       "      <td>3</td>\n",
       "      <td>63</td>\n",
       "    </tr>\n",
       "    <tr>\n",
       "      <th>2</th>\n",
       "      <td>2016</td>\n",
       "      <td>10</td>\n",
       "      <td>1</td>\n",
       "      <td>2</td>\n",
       "      <td>27</td>\n",
       "      <td>1</td>\n",
       "      <td>fall</td>\n",
       "      <td>17.78</td>\n",
       "      <td>64.0</td>\n",
       "      <td>100.0</td>\n",
       "      <td>10.0</td>\n",
       "      <td>0.0</td>\n",
       "      <td>30.1</td>\n",
       "      <td>0.0</td>\n",
       "      <td>0.0</td>\n",
       "      <td>3</td>\n",
       "      <td>33</td>\n",
       "    </tr>\n",
       "    <tr>\n",
       "      <th>3</th>\n",
       "      <td>2016</td>\n",
       "      <td>10</td>\n",
       "      <td>1</td>\n",
       "      <td>3</td>\n",
       "      <td>20</td>\n",
       "      <td>1</td>\n",
       "      <td>fall</td>\n",
       "      <td>17.78</td>\n",
       "      <td>64.0</td>\n",
       "      <td>100.0</td>\n",
       "      <td>10.0</td>\n",
       "      <td>0.0</td>\n",
       "      <td>30.1</td>\n",
       "      <td>0.1</td>\n",
       "      <td>0.0</td>\n",
       "      <td>3</td>\n",
       "      <td>23</td>\n",
       "    </tr>\n",
       "    <tr>\n",
       "      <th>4</th>\n",
       "      <td>2016</td>\n",
       "      <td>10</td>\n",
       "      <td>1</td>\n",
       "      <td>4</td>\n",
       "      <td>11</td>\n",
       "      <td>1</td>\n",
       "      <td>fall</td>\n",
       "      <td>17.78</td>\n",
       "      <td>64.0</td>\n",
       "      <td>100.0</td>\n",
       "      <td>9.0</td>\n",
       "      <td>0.0</td>\n",
       "      <td>30.1</td>\n",
       "      <td>0.0</td>\n",
       "      <td>0.0</td>\n",
       "      <td>3</td>\n",
       "      <td>11</td>\n",
       "    </tr>\n",
       "  </tbody>\n",
       "</table>\n",
       "</div>"
      ],
      "text/plain": [
       "   year  month  day  hour  member  weekend season  temperature  dewpoint  \\\n",
       "0  2016     10    1     0      80        1   fall        18.33      65.0   \n",
       "1  2016     10    1     1      53        1   fall        17.78      64.0   \n",
       "2  2016     10    1     2      27        1   fall        17.78      64.0   \n",
       "3  2016     10    1     3      20        1   fall        17.78      64.0   \n",
       "4  2016     10    1     4      11        1   fall        17.78      64.0   \n",
       "\n",
       "   humidity  windspeed  windgust  pressure  precip  precipaccum  weather  \\\n",
       "0     100.0        6.0       0.0      30.1     0.0          0.0        3   \n",
       "1     100.0       10.0       0.0      30.1     0.0          0.0        3   \n",
       "2     100.0       10.0       0.0      30.1     0.0          0.0        3   \n",
       "3     100.0       10.0       0.0      30.1     0.1          0.0        3   \n",
       "4     100.0        9.0       0.0      30.1     0.0          0.0        3   \n",
       "\n",
       "   rental  \n",
       "0     103  \n",
       "1      63  \n",
       "2      33  \n",
       "3      23  \n",
       "4      11  "
      ]
     },
     "execution_count": 6,
     "metadata": {},
     "output_type": "execute_result"
    }
   ],
   "source": [
    "# Loading the datset & saving it in variable rental_data\n",
    "# (file_name, 1) because our data is in sheet 2 of the Excel file\n",
    "# Optionally can also write the name of the sheet instead of its positional number as 'Capital Bikeshare Demand Data'\n",
    "rental_data = pd.read_excel('Data_Capital Bikeshare.xls', 1)\n",
    "\n",
    "# Checking whether the data has been successfully uploaded & how it looks like!\n",
    "rental_data.head()"
   ]
  },
  {
   "cell_type": "markdown",
   "id": "4af26010",
   "metadata": {},
   "source": [
    "## Our data at a glance"
   ]
  },
  {
   "cell_type": "code",
   "execution_count": 3,
   "id": "6f8092cc",
   "metadata": {},
   "outputs": [
    {
     "name": "stdout",
     "output_type": "stream",
     "text": [
      "Shape of our rental dataset is (17466, 17)\n",
      "\n",
      "\n",
      "<class 'pandas.core.frame.DataFrame'>\n",
      "RangeIndex: 17466 entries, 0 to 17465\n",
      "Data columns (total 17 columns):\n",
      " #   Column       Non-Null Count  Dtype  \n",
      "---  ------       --------------  -----  \n",
      " 0   year         17466 non-null  int64  \n",
      " 1   month        17466 non-null  int64  \n",
      " 2   day          17466 non-null  int64  \n",
      " 3   hour         17466 non-null  int64  \n",
      " 4   member       17466 non-null  int64  \n",
      " 5   weekend      17466 non-null  int64  \n",
      " 6   season       17466 non-null  object \n",
      " 7   temperature  17466 non-null  float64\n",
      " 8   dewpoint     17466 non-null  float64\n",
      " 9   humidity     17466 non-null  float64\n",
      " 10  windspeed    17466 non-null  float64\n",
      " 11  windgust     17466 non-null  float64\n",
      " 12  pressure     17466 non-null  float64\n",
      " 13  precip       17466 non-null  float64\n",
      " 14  precipaccum  17466 non-null  float64\n",
      " 15  weather      17466 non-null  int64  \n",
      " 16  rental       17466 non-null  int64  \n",
      "dtypes: float64(8), int64(8), object(1)\n",
      "memory usage: 2.3+ MB\n",
      "\n",
      "\n"
     ]
    },
    {
     "data": {
      "text/html": [
       "<div>\n",
       "<style scoped>\n",
       "    .dataframe tbody tr th:only-of-type {\n",
       "        vertical-align: middle;\n",
       "    }\n",
       "\n",
       "    .dataframe tbody tr th {\n",
       "        vertical-align: top;\n",
       "    }\n",
       "\n",
       "    .dataframe thead th {\n",
       "        text-align: right;\n",
       "    }\n",
       "</style>\n",
       "<table border=\"1\" class=\"dataframe\">\n",
       "  <thead>\n",
       "    <tr style=\"text-align: right;\">\n",
       "      <th></th>\n",
       "      <th>year</th>\n",
       "      <th>month</th>\n",
       "      <th>day</th>\n",
       "      <th>hour</th>\n",
       "      <th>member</th>\n",
       "      <th>weekend</th>\n",
       "      <th>temperature</th>\n",
       "      <th>dewpoint</th>\n",
       "      <th>humidity</th>\n",
       "      <th>windspeed</th>\n",
       "      <th>windgust</th>\n",
       "      <th>pressure</th>\n",
       "      <th>precip</th>\n",
       "      <th>precipaccum</th>\n",
       "      <th>weather</th>\n",
       "      <th>rental</th>\n",
       "    </tr>\n",
       "  </thead>\n",
       "  <tbody>\n",
       "    <tr>\n",
       "      <th>count</th>\n",
       "      <td>17466.000000</td>\n",
       "      <td>17466.000000</td>\n",
       "      <td>17466.000000</td>\n",
       "      <td>17466.000000</td>\n",
       "      <td>17466.000000</td>\n",
       "      <td>17466.000000</td>\n",
       "      <td>17466.000000</td>\n",
       "      <td>17466.000000</td>\n",
       "      <td>17466.000000</td>\n",
       "      <td>17466.000000</td>\n",
       "      <td>17466.000000</td>\n",
       "      <td>17466.000000</td>\n",
       "      <td>17466.000000</td>\n",
       "      <td>17466.000000</td>\n",
       "      <td>17466.000000</td>\n",
       "      <td>17466.000000</td>\n",
       "    </tr>\n",
       "    <tr>\n",
       "      <th>mean</th>\n",
       "      <td>2017.246822</td>\n",
       "      <td>6.522902</td>\n",
       "      <td>15.704569</td>\n",
       "      <td>11.518321</td>\n",
       "      <td>317.602657</td>\n",
       "      <td>0.287759</td>\n",
       "      <td>15.557475</td>\n",
       "      <td>47.166089</td>\n",
       "      <td>65.172028</td>\n",
       "      <td>8.811951</td>\n",
       "      <td>3.095630</td>\n",
       "      <td>30.047717</td>\n",
       "      <td>0.003403</td>\n",
       "      <td>0.003845</td>\n",
       "      <td>1.774820</td>\n",
       "      <td>420.144910</td>\n",
       "    </tr>\n",
       "    <tr>\n",
       "      <th>std</th>\n",
       "      <td>0.662303</td>\n",
       "      <td>3.451445</td>\n",
       "      <td>8.791244</td>\n",
       "      <td>6.921848</td>\n",
       "      <td>315.397551</td>\n",
       "      <td>0.452731</td>\n",
       "      <td>9.794618</td>\n",
       "      <td>19.570545</td>\n",
       "      <td>19.549624</td>\n",
       "      <td>5.104676</td>\n",
       "      <td>8.664425</td>\n",
       "      <td>0.390741</td>\n",
       "      <td>0.029175</td>\n",
       "      <td>0.065460</td>\n",
       "      <td>0.703245</td>\n",
       "      <td>402.473513</td>\n",
       "    </tr>\n",
       "    <tr>\n",
       "      <th>min</th>\n",
       "      <td>2016.000000</td>\n",
       "      <td>1.000000</td>\n",
       "      <td>1.000000</td>\n",
       "      <td>0.000000</td>\n",
       "      <td>0.000000</td>\n",
       "      <td>0.000000</td>\n",
       "      <td>-12.780000</td>\n",
       "      <td>0.000000</td>\n",
       "      <td>13.000000</td>\n",
       "      <td>0.000000</td>\n",
       "      <td>0.000000</td>\n",
       "      <td>0.000000</td>\n",
       "      <td>0.000000</td>\n",
       "      <td>0.000000</td>\n",
       "      <td>1.000000</td>\n",
       "      <td>0.000000</td>\n",
       "    </tr>\n",
       "    <tr>\n",
       "      <th>25%</th>\n",
       "      <td>2017.000000</td>\n",
       "      <td>4.000000</td>\n",
       "      <td>8.000000</td>\n",
       "      <td>6.000000</td>\n",
       "      <td>63.000000</td>\n",
       "      <td>0.000000</td>\n",
       "      <td>7.780000</td>\n",
       "      <td>32.000000</td>\n",
       "      <td>49.000000</td>\n",
       "      <td>6.000000</td>\n",
       "      <td>0.000000</td>\n",
       "      <td>29.900000</td>\n",
       "      <td>0.000000</td>\n",
       "      <td>0.000000</td>\n",
       "      <td>1.000000</td>\n",
       "      <td>77.000000</td>\n",
       "    </tr>\n",
       "    <tr>\n",
       "      <th>50%</th>\n",
       "      <td>2017.000000</td>\n",
       "      <td>7.000000</td>\n",
       "      <td>16.000000</td>\n",
       "      <td>12.000000</td>\n",
       "      <td>244.000000</td>\n",
       "      <td>0.000000</td>\n",
       "      <td>16.670000</td>\n",
       "      <td>50.000000</td>\n",
       "      <td>66.000000</td>\n",
       "      <td>8.000000</td>\n",
       "      <td>0.000000</td>\n",
       "      <td>30.000000</td>\n",
       "      <td>0.000000</td>\n",
       "      <td>0.000000</td>\n",
       "      <td>2.000000</td>\n",
       "      <td>315.500000</td>\n",
       "    </tr>\n",
       "    <tr>\n",
       "      <th>75%</th>\n",
       "      <td>2018.000000</td>\n",
       "      <td>10.000000</td>\n",
       "      <td>23.000000</td>\n",
       "      <td>18.000000</td>\n",
       "      <td>455.750000</td>\n",
       "      <td>1.000000</td>\n",
       "      <td>23.890000</td>\n",
       "      <td>64.310000</td>\n",
       "      <td>82.000000</td>\n",
       "      <td>12.000000</td>\n",
       "      <td>0.000000</td>\n",
       "      <td>30.200000</td>\n",
       "      <td>0.000000</td>\n",
       "      <td>0.000000</td>\n",
       "      <td>2.000000</td>\n",
       "      <td>634.000000</td>\n",
       "    </tr>\n",
       "    <tr>\n",
       "      <th>max</th>\n",
       "      <td>2018.000000</td>\n",
       "      <td>12.000000</td>\n",
       "      <td>31.000000</td>\n",
       "      <td>23.000000</td>\n",
       "      <td>1639.000000</td>\n",
       "      <td>1.000000</td>\n",
       "      <td>36.110000</td>\n",
       "      <td>80.000000</td>\n",
       "      <td>100.000000</td>\n",
       "      <td>44.000000</td>\n",
       "      <td>59.000000</td>\n",
       "      <td>30.800000</td>\n",
       "      <td>1.320000</td>\n",
       "      <td>4.000000</td>\n",
       "      <td>4.000000</td>\n",
       "      <td>2038.000000</td>\n",
       "    </tr>\n",
       "  </tbody>\n",
       "</table>\n",
       "</div>"
      ],
      "text/plain": [
       "               year         month           day          hour        member  \\\n",
       "count  17466.000000  17466.000000  17466.000000  17466.000000  17466.000000   \n",
       "mean    2017.246822      6.522902     15.704569     11.518321    317.602657   \n",
       "std        0.662303      3.451445      8.791244      6.921848    315.397551   \n",
       "min     2016.000000      1.000000      1.000000      0.000000      0.000000   \n",
       "25%     2017.000000      4.000000      8.000000      6.000000     63.000000   \n",
       "50%     2017.000000      7.000000     16.000000     12.000000    244.000000   \n",
       "75%     2018.000000     10.000000     23.000000     18.000000    455.750000   \n",
       "max     2018.000000     12.000000     31.000000     23.000000   1639.000000   \n",
       "\n",
       "            weekend   temperature      dewpoint      humidity     windspeed  \\\n",
       "count  17466.000000  17466.000000  17466.000000  17466.000000  17466.000000   \n",
       "mean       0.287759     15.557475     47.166089     65.172028      8.811951   \n",
       "std        0.452731      9.794618     19.570545     19.549624      5.104676   \n",
       "min        0.000000    -12.780000      0.000000     13.000000      0.000000   \n",
       "25%        0.000000      7.780000     32.000000     49.000000      6.000000   \n",
       "50%        0.000000     16.670000     50.000000     66.000000      8.000000   \n",
       "75%        1.000000     23.890000     64.310000     82.000000     12.000000   \n",
       "max        1.000000     36.110000     80.000000    100.000000     44.000000   \n",
       "\n",
       "           windgust      pressure        precip   precipaccum       weather  \\\n",
       "count  17466.000000  17466.000000  17466.000000  17466.000000  17466.000000   \n",
       "mean       3.095630     30.047717      0.003403      0.003845      1.774820   \n",
       "std        8.664425      0.390741      0.029175      0.065460      0.703245   \n",
       "min        0.000000      0.000000      0.000000      0.000000      1.000000   \n",
       "25%        0.000000     29.900000      0.000000      0.000000      1.000000   \n",
       "50%        0.000000     30.000000      0.000000      0.000000      2.000000   \n",
       "75%        0.000000     30.200000      0.000000      0.000000      2.000000   \n",
       "max       59.000000     30.800000      1.320000      4.000000      4.000000   \n",
       "\n",
       "             rental  \n",
       "count  17466.000000  \n",
       "mean     420.144910  \n",
       "std      402.473513  \n",
       "min        0.000000  \n",
       "25%       77.000000  \n",
       "50%      315.500000  \n",
       "75%      634.000000  \n",
       "max     2038.000000  "
      ]
     },
     "execution_count": 3,
     "metadata": {},
     "output_type": "execute_result"
    }
   ],
   "source": [
    "print(\"Shape of our rental dataset is\",rental_data.shape)\n",
    "# Result is (n_rows, n_columns)\n",
    "\n",
    "# Printing gap in between\n",
    "print('\\n')\n",
    "\n",
    "# Concise info of all variables in our dataset\n",
    "rental_data.info()\n",
    "# () is COMPULSORY, if missed, gives another output!!!\n",
    "\n",
    "print('\\n')\n",
    "\n",
    "# Statistical properties of our dataset\n",
    "rental_data.describe()"
   ]
  },
  {
   "cell_type": "markdown",
   "id": "3d94fc5a",
   "metadata": {},
   "source": [
    "## Exploratory Data Analysis\n",
    "### Relationship between columns"
   ]
  },
  {
   "cell_type": "code",
   "execution_count": 4,
   "id": "1e012bfd",
   "metadata": {},
   "outputs": [
    {
     "data": {
      "text/html": [
       "<div>\n",
       "<style scoped>\n",
       "    .dataframe tbody tr th:only-of-type {\n",
       "        vertical-align: middle;\n",
       "    }\n",
       "\n",
       "    .dataframe tbody tr th {\n",
       "        vertical-align: top;\n",
       "    }\n",
       "\n",
       "    .dataframe thead th {\n",
       "        text-align: right;\n",
       "    }\n",
       "</style>\n",
       "<table border=\"1\" class=\"dataframe\">\n",
       "  <thead>\n",
       "    <tr style=\"text-align: right;\">\n",
       "      <th></th>\n",
       "      <th>year</th>\n",
       "      <th>month</th>\n",
       "      <th>day</th>\n",
       "      <th>hour</th>\n",
       "      <th>member</th>\n",
       "      <th>weekend</th>\n",
       "      <th>temperature</th>\n",
       "      <th>dewpoint</th>\n",
       "      <th>humidity</th>\n",
       "      <th>windspeed</th>\n",
       "      <th>windgust</th>\n",
       "      <th>pressure</th>\n",
       "      <th>precip</th>\n",
       "      <th>precipaccum</th>\n",
       "      <th>weather</th>\n",
       "      <th>rental</th>\n",
       "    </tr>\n",
       "  </thead>\n",
       "  <tbody>\n",
       "    <tr>\n",
       "      <th>year</th>\n",
       "      <td>1.000000</td>\n",
       "      <td>-0.494905</td>\n",
       "      <td>-0.006042</td>\n",
       "      <td>0.001305</td>\n",
       "      <td>0.046954</td>\n",
       "      <td>-0.005066</td>\n",
       "      <td>0.158842</td>\n",
       "      <td>0.138467</td>\n",
       "      <td>0.002213</td>\n",
       "      <td>0.018100</td>\n",
       "      <td>-0.026859</td>\n",
       "      <td>-0.034161</td>\n",
       "      <td>0.048185</td>\n",
       "      <td>0.020505</td>\n",
       "      <td>0.099914</td>\n",
       "      <td>0.049387</td>\n",
       "    </tr>\n",
       "    <tr>\n",
       "      <th>month</th>\n",
       "      <td>-0.494905</td>\n",
       "      <td>1.000000</td>\n",
       "      <td>0.011066</td>\n",
       "      <td>0.000573</td>\n",
       "      <td>0.057252</td>\n",
       "      <td>0.011869</td>\n",
       "      <td>0.199249</td>\n",
       "      <td>0.224084</td>\n",
       "      <td>0.109435</td>\n",
       "      <td>-0.142640</td>\n",
       "      <td>-0.103700</td>\n",
       "      <td>0.030408</td>\n",
       "      <td>-0.005297</td>\n",
       "      <td>-0.001037</td>\n",
       "      <td>-0.086537</td>\n",
       "      <td>0.055686</td>\n",
       "    </tr>\n",
       "    <tr>\n",
       "      <th>day</th>\n",
       "      <td>-0.006042</td>\n",
       "      <td>0.011066</td>\n",
       "      <td>1.000000</td>\n",
       "      <td>0.000618</td>\n",
       "      <td>-0.002320</td>\n",
       "      <td>-0.006562</td>\n",
       "      <td>0.036208</td>\n",
       "      <td>0.054094</td>\n",
       "      <td>0.051912</td>\n",
       "      <td>-0.033371</td>\n",
       "      <td>-0.050054</td>\n",
       "      <td>-0.034008</td>\n",
       "      <td>-0.003456</td>\n",
       "      <td>0.001580</td>\n",
       "      <td>0.031017</td>\n",
       "      <td>0.000771</td>\n",
       "    </tr>\n",
       "    <tr>\n",
       "      <th>hour</th>\n",
       "      <td>0.001305</td>\n",
       "      <td>0.000573</td>\n",
       "      <td>0.000618</td>\n",
       "      <td>1.000000</td>\n",
       "      <td>0.323084</td>\n",
       "      <td>-0.000020</td>\n",
       "      <td>0.142570</td>\n",
       "      <td>-0.004444</td>\n",
       "      <td>-0.278239</td>\n",
       "      <td>0.142092</td>\n",
       "      <td>0.078160</td>\n",
       "      <td>-0.029812</td>\n",
       "      <td>0.029676</td>\n",
       "      <td>-0.031316</td>\n",
       "      <td>0.010122</td>\n",
       "      <td>0.363905</td>\n",
       "    </tr>\n",
       "    <tr>\n",
       "      <th>member</th>\n",
       "      <td>0.046954</td>\n",
       "      <td>0.057252</td>\n",
       "      <td>-0.002320</td>\n",
       "      <td>0.323084</td>\n",
       "      <td>1.000000</td>\n",
       "      <td>-0.164824</td>\n",
       "      <td>0.338026</td>\n",
       "      <td>0.176099</td>\n",
       "      <td>-0.239208</td>\n",
       "      <td>0.072611</td>\n",
       "      <td>0.016156</td>\n",
       "      <td>-0.031217</td>\n",
       "      <td>-0.062733</td>\n",
       "      <td>0.070652</td>\n",
       "      <td>-0.084110</td>\n",
       "      <td>0.954563</td>\n",
       "    </tr>\n",
       "    <tr>\n",
       "      <th>weekend</th>\n",
       "      <td>-0.005066</td>\n",
       "      <td>0.011869</td>\n",
       "      <td>-0.006562</td>\n",
       "      <td>-0.000020</td>\n",
       "      <td>-0.164824</td>\n",
       "      <td>1.000000</td>\n",
       "      <td>-0.031836</td>\n",
       "      <td>-0.022559</td>\n",
       "      <td>0.010819</td>\n",
       "      <td>0.004502</td>\n",
       "      <td>-0.006284</td>\n",
       "      <td>0.037644</td>\n",
       "      <td>0.009964</td>\n",
       "      <td>0.004960</td>\n",
       "      <td>0.013804</td>\n",
       "      <td>-0.043583</td>\n",
       "    </tr>\n",
       "    <tr>\n",
       "      <th>temperature</th>\n",
       "      <td>0.158842</td>\n",
       "      <td>0.199249</td>\n",
       "      <td>0.036208</td>\n",
       "      <td>0.142570</td>\n",
       "      <td>0.338026</td>\n",
       "      <td>-0.031836</td>\n",
       "      <td>1.000000</td>\n",
       "      <td>0.895460</td>\n",
       "      <td>0.114917</td>\n",
       "      <td>-0.096464</td>\n",
       "      <td>-0.161721</td>\n",
       "      <td>-0.197323</td>\n",
       "      <td>0.027358</td>\n",
       "      <td>0.006241</td>\n",
       "      <td>0.028037</td>\n",
       "      <td>0.436376</td>\n",
       "    </tr>\n",
       "    <tr>\n",
       "      <th>dewpoint</th>\n",
       "      <td>0.138467</td>\n",
       "      <td>0.224084</td>\n",
       "      <td>0.054094</td>\n",
       "      <td>-0.004444</td>\n",
       "      <td>0.176099</td>\n",
       "      <td>-0.022559</td>\n",
       "      <td>0.895460</td>\n",
       "      <td>1.000000</td>\n",
       "      <td>0.535793</td>\n",
       "      <td>-0.214140</td>\n",
       "      <td>-0.270499</td>\n",
       "      <td>-0.206571</td>\n",
       "      <td>0.083016</td>\n",
       "      <td>0.026616</td>\n",
       "      <td>0.192758</td>\n",
       "      <td>0.231299</td>\n",
       "    </tr>\n",
       "    <tr>\n",
       "      <th>humidity</th>\n",
       "      <td>0.002213</td>\n",
       "      <td>0.109435</td>\n",
       "      <td>0.051912</td>\n",
       "      <td>-0.278239</td>\n",
       "      <td>-0.239208</td>\n",
       "      <td>0.010819</td>\n",
       "      <td>0.114917</td>\n",
       "      <td>0.535793</td>\n",
       "      <td>1.000000</td>\n",
       "      <td>-0.295875</td>\n",
       "      <td>-0.294027</td>\n",
       "      <td>-0.101087</td>\n",
       "      <td>0.149021</td>\n",
       "      <td>0.049996</td>\n",
       "      <td>0.405950</td>\n",
       "      <td>-0.300233</td>\n",
       "    </tr>\n",
       "    <tr>\n",
       "      <th>windspeed</th>\n",
       "      <td>0.018100</td>\n",
       "      <td>-0.142640</td>\n",
       "      <td>-0.033371</td>\n",
       "      <td>0.142092</td>\n",
       "      <td>0.072611</td>\n",
       "      <td>0.004502</td>\n",
       "      <td>-0.096464</td>\n",
       "      <td>-0.214140</td>\n",
       "      <td>-0.295875</td>\n",
       "      <td>1.000000</td>\n",
       "      <td>0.637837</td>\n",
       "      <td>-0.100773</td>\n",
       "      <td>0.037512</td>\n",
       "      <td>0.005748</td>\n",
       "      <td>0.032689</td>\n",
       "      <td>0.082088</td>\n",
       "    </tr>\n",
       "    <tr>\n",
       "      <th>windgust</th>\n",
       "      <td>-0.026859</td>\n",
       "      <td>-0.103700</td>\n",
       "      <td>-0.050054</td>\n",
       "      <td>0.078160</td>\n",
       "      <td>0.016156</td>\n",
       "      <td>-0.006284</td>\n",
       "      <td>-0.161721</td>\n",
       "      <td>-0.270499</td>\n",
       "      <td>-0.294027</td>\n",
       "      <td>0.637837</td>\n",
       "      <td>1.000000</td>\n",
       "      <td>-0.094480</td>\n",
       "      <td>0.016697</td>\n",
       "      <td>0.004050</td>\n",
       "      <td>-0.042146</td>\n",
       "      <td>0.017696</td>\n",
       "    </tr>\n",
       "    <tr>\n",
       "      <th>pressure</th>\n",
       "      <td>-0.034161</td>\n",
       "      <td>0.030408</td>\n",
       "      <td>-0.034008</td>\n",
       "      <td>-0.029812</td>\n",
       "      <td>-0.031217</td>\n",
       "      <td>0.037644</td>\n",
       "      <td>-0.197323</td>\n",
       "      <td>-0.206571</td>\n",
       "      <td>-0.101087</td>\n",
       "      <td>-0.100773</td>\n",
       "      <td>-0.094480</td>\n",
       "      <td>1.000000</td>\n",
       "      <td>-0.047186</td>\n",
       "      <td>-0.023254</td>\n",
       "      <td>-0.116612</td>\n",
       "      <td>-0.037346</td>\n",
       "    </tr>\n",
       "    <tr>\n",
       "      <th>precip</th>\n",
       "      <td>0.048185</td>\n",
       "      <td>-0.005297</td>\n",
       "      <td>-0.003456</td>\n",
       "      <td>0.029676</td>\n",
       "      <td>-0.062733</td>\n",
       "      <td>0.009964</td>\n",
       "      <td>0.027358</td>\n",
       "      <td>0.083016</td>\n",
       "      <td>0.149021</td>\n",
       "      <td>0.037512</td>\n",
       "      <td>0.016697</td>\n",
       "      <td>-0.047186</td>\n",
       "      <td>1.000000</td>\n",
       "      <td>0.009276</td>\n",
       "      <td>0.234618</td>\n",
       "      <td>-0.066353</td>\n",
       "    </tr>\n",
       "    <tr>\n",
       "      <th>precipaccum</th>\n",
       "      <td>0.020505</td>\n",
       "      <td>-0.001037</td>\n",
       "      <td>0.001580</td>\n",
       "      <td>-0.031316</td>\n",
       "      <td>0.070652</td>\n",
       "      <td>0.004960</td>\n",
       "      <td>0.006241</td>\n",
       "      <td>0.026616</td>\n",
       "      <td>0.049996</td>\n",
       "      <td>0.005748</td>\n",
       "      <td>0.004050</td>\n",
       "      <td>-0.023254</td>\n",
       "      <td>0.009276</td>\n",
       "      <td>1.000000</td>\n",
       "      <td>0.020126</td>\n",
       "      <td>0.048886</td>\n",
       "    </tr>\n",
       "    <tr>\n",
       "      <th>weather</th>\n",
       "      <td>0.099914</td>\n",
       "      <td>-0.086537</td>\n",
       "      <td>0.031017</td>\n",
       "      <td>0.010122</td>\n",
       "      <td>-0.084110</td>\n",
       "      <td>0.013804</td>\n",
       "      <td>0.028037</td>\n",
       "      <td>0.192758</td>\n",
       "      <td>0.405950</td>\n",
       "      <td>0.032689</td>\n",
       "      <td>-0.042146</td>\n",
       "      <td>-0.116612</td>\n",
       "      <td>0.234618</td>\n",
       "      <td>0.020126</td>\n",
       "      <td>1.000000</td>\n",
       "      <td>-0.097340</td>\n",
       "    </tr>\n",
       "    <tr>\n",
       "      <th>rental</th>\n",
       "      <td>0.049387</td>\n",
       "      <td>0.055686</td>\n",
       "      <td>0.000771</td>\n",
       "      <td>0.363905</td>\n",
       "      <td>0.954563</td>\n",
       "      <td>-0.043583</td>\n",
       "      <td>0.436376</td>\n",
       "      <td>0.231299</td>\n",
       "      <td>-0.300233</td>\n",
       "      <td>0.082088</td>\n",
       "      <td>0.017696</td>\n",
       "      <td>-0.037346</td>\n",
       "      <td>-0.066353</td>\n",
       "      <td>0.048886</td>\n",
       "      <td>-0.097340</td>\n",
       "      <td>1.000000</td>\n",
       "    </tr>\n",
       "  </tbody>\n",
       "</table>\n",
       "</div>"
      ],
      "text/plain": [
       "                 year     month       day      hour    member   weekend  \\\n",
       "year         1.000000 -0.494905 -0.006042  0.001305  0.046954 -0.005066   \n",
       "month       -0.494905  1.000000  0.011066  0.000573  0.057252  0.011869   \n",
       "day         -0.006042  0.011066  1.000000  0.000618 -0.002320 -0.006562   \n",
       "hour         0.001305  0.000573  0.000618  1.000000  0.323084 -0.000020   \n",
       "member       0.046954  0.057252 -0.002320  0.323084  1.000000 -0.164824   \n",
       "weekend     -0.005066  0.011869 -0.006562 -0.000020 -0.164824  1.000000   \n",
       "temperature  0.158842  0.199249  0.036208  0.142570  0.338026 -0.031836   \n",
       "dewpoint     0.138467  0.224084  0.054094 -0.004444  0.176099 -0.022559   \n",
       "humidity     0.002213  0.109435  0.051912 -0.278239 -0.239208  0.010819   \n",
       "windspeed    0.018100 -0.142640 -0.033371  0.142092  0.072611  0.004502   \n",
       "windgust    -0.026859 -0.103700 -0.050054  0.078160  0.016156 -0.006284   \n",
       "pressure    -0.034161  0.030408 -0.034008 -0.029812 -0.031217  0.037644   \n",
       "precip       0.048185 -0.005297 -0.003456  0.029676 -0.062733  0.009964   \n",
       "precipaccum  0.020505 -0.001037  0.001580 -0.031316  0.070652  0.004960   \n",
       "weather      0.099914 -0.086537  0.031017  0.010122 -0.084110  0.013804   \n",
       "rental       0.049387  0.055686  0.000771  0.363905  0.954563 -0.043583   \n",
       "\n",
       "             temperature  dewpoint  humidity  windspeed  windgust  pressure  \\\n",
       "year            0.158842  0.138467  0.002213   0.018100 -0.026859 -0.034161   \n",
       "month           0.199249  0.224084  0.109435  -0.142640 -0.103700  0.030408   \n",
       "day             0.036208  0.054094  0.051912  -0.033371 -0.050054 -0.034008   \n",
       "hour            0.142570 -0.004444 -0.278239   0.142092  0.078160 -0.029812   \n",
       "member          0.338026  0.176099 -0.239208   0.072611  0.016156 -0.031217   \n",
       "weekend        -0.031836 -0.022559  0.010819   0.004502 -0.006284  0.037644   \n",
       "temperature     1.000000  0.895460  0.114917  -0.096464 -0.161721 -0.197323   \n",
       "dewpoint        0.895460  1.000000  0.535793  -0.214140 -0.270499 -0.206571   \n",
       "humidity        0.114917  0.535793  1.000000  -0.295875 -0.294027 -0.101087   \n",
       "windspeed      -0.096464 -0.214140 -0.295875   1.000000  0.637837 -0.100773   \n",
       "windgust       -0.161721 -0.270499 -0.294027   0.637837  1.000000 -0.094480   \n",
       "pressure       -0.197323 -0.206571 -0.101087  -0.100773 -0.094480  1.000000   \n",
       "precip          0.027358  0.083016  0.149021   0.037512  0.016697 -0.047186   \n",
       "precipaccum     0.006241  0.026616  0.049996   0.005748  0.004050 -0.023254   \n",
       "weather         0.028037  0.192758  0.405950   0.032689 -0.042146 -0.116612   \n",
       "rental          0.436376  0.231299 -0.300233   0.082088  0.017696 -0.037346   \n",
       "\n",
       "               precip  precipaccum   weather    rental  \n",
       "year         0.048185     0.020505  0.099914  0.049387  \n",
       "month       -0.005297    -0.001037 -0.086537  0.055686  \n",
       "day         -0.003456     0.001580  0.031017  0.000771  \n",
       "hour         0.029676    -0.031316  0.010122  0.363905  \n",
       "member      -0.062733     0.070652 -0.084110  0.954563  \n",
       "weekend      0.009964     0.004960  0.013804 -0.043583  \n",
       "temperature  0.027358     0.006241  0.028037  0.436376  \n",
       "dewpoint     0.083016     0.026616  0.192758  0.231299  \n",
       "humidity     0.149021     0.049996  0.405950 -0.300233  \n",
       "windspeed    0.037512     0.005748  0.032689  0.082088  \n",
       "windgust     0.016697     0.004050 -0.042146  0.017696  \n",
       "pressure    -0.047186    -0.023254 -0.116612 -0.037346  \n",
       "precip       1.000000     0.009276  0.234618 -0.066353  \n",
       "precipaccum  0.009276     1.000000  0.020126  0.048886  \n",
       "weather      0.234618     0.020126  1.000000 -0.097340  \n",
       "rental      -0.066353     0.048886 -0.097340  1.000000  "
      ]
     },
     "execution_count": 4,
     "metadata": {},
     "output_type": "execute_result"
    }
   ],
   "source": [
    "# Finding correlation between columns & assigning it to a variable 'corr'\n",
    "corr = rental_data.corr()\n",
    "corr"
   ]
  },
  {
   "cell_type": "code",
   "execution_count": 5,
   "id": "7dd15cbf",
   "metadata": {},
   "outputs": [
    {
     "data": {
